49 3 1 14
0.138941 0.324558 0.0295985 0.0915303 0.113689 0.236377 0.0271416 0.273052 -0.66611 -0.146274 0.285682 -0.0164853 -0.610599 0.0903008 0.153678 -0.244859 0.477121 0.185151 0.473243 0.0743099 0.227203 0.0541258 0.19617 0.336545 0.104908 0.0309724 0.169457 0.118867 0.448567 0.0277244 0.112106 0.0695173 0.0949988 -0.186476 0.32285 0.402561 -0.781852 0.0102797 0.359157 0.282413 -0.811408 0.220896 0.409927 0.141942 0.2236 0.152973 0.256952 0.181387 0.259608
0.0871089 0.167708 0.241678 -0.0316382 0.203502 0.149448 0.0741871 0.17299 0.45593 0.59609 -0.173942 0.693054 0.403163 0.0799096 0.192581 0.534471 -0.544902 0.305528 -0.37828 0.420736 0.16671 0.0942765 0.0297765 0.313701 -0.0117937 0.237475 -0.0320062 0.0464909 -0.522331 0.615755 0.103915 -0.012756 0.15013 0.689898 -0.485553 -0.496714 -0.0735977 -0.0315614 -0.201986 -0.142306 -0.231089 -0.432113 0.183189 0.257563 0.1877 0.167208 0.0464919 0.0272195 0.113017
0.0381704 0.0148457 0.0557504 0.21535 0.0743923 0.181139 0.0109858 0.259093 0.843088 -0.108374 -0.154756 -0.202183 0.631492 -0.0787474 0.279192 -0.288368 0.180725 0.188683 0.200937 -0.338014 0.154365 0.041697 -0.106636 -0.0344769 0.0400873 -0.0479406 0.0317953 0.275552 0.152911 -0.258841 0.0894268 0.312352 0.255588 -0.0939609 0.235593 0.305105 1.10049 0.0147527 -0.19726 -0.149972 1.206 0.0965069 0.111435 0.0616943 -0.00617016 0.179157 -0.0242078 0.20952 -0.00876666
0.16233 0.148036 0.0080181 0.0350362 0.121549 0.180532 0.263089 0.00142298 0.429307 0.0949833 -0.17128 0.180461 0.214406 0.242023 0.146745 0.178458 -0.130165 0.1491 -0.157541 -0.0490863 0.0583765 0.203582 -0.156064 -0.0520188 -0.0189951 0.172534 -0.0871872 0.0609706 -0.236541 0.0645994 0.273198 0.0178265 0.137312 0.124461 -0.0339165 -0.144087 0.312152 -0.0113041 -0.057594 -0.147847 0.291852 -0.177733 0.0901642 0.0454617 0.0361796 0.211477 0.235606 -0.0460759 0.0767428
0.115504 0.282219 0.274247 0.273543 0.1074 0.148199 0.138784 0.196872 -0.236132 0.170915 -0.0150254 0.0598671 0.0676 0.083285 0.0787454 0.15962 0.156245 0.114231 0.30847 0.177431 0.234311 0.072635 -0.0092462 0.112657 0.167068 0.00370756 -0.0573892 0.000812721 0.217981 0.200361 0.0344763 0.128353 -0.00205421 0.0150125 0.0877589 0.319548 -0.0776332 0.158988 0.0294233 0.117098 -0.267553 0.2481 0.106424 0.127849 0.148234 0.180676 0.188285 0.0986736 0.220835
0.143591 0.170865 0.206431 0.296845 0.0481479 0.014825 0.142617 0.166654 0.0492917 0.0939364 0.23124 0.192953 0.00646384 0.185142 0.0828738 0.037237 0.157128 0.04588 0.221587 0.0666986 0.0875782 0.223144 0.0562153 0.0878239 0.236707 0.0484112 0.216812 0.263862 0.164704 -0.0468199 0.198571 0.213629 0.285998 0.0226044 0.360114 0.116431 0.0564113 0.242246 0.249634 0.295499 -0.00675295 0.124672 0.138442 0.215713 0.221608 0.196196 0.292595 0.290248 0.246813
0.154998 0.220897 0.185998 0.0126938 0.0639645 0.244656 0.152545 0.248282 0.219848 0.457245 -0.0864629 0.407155 0.429538 0.268745 0.285616 0.395564 -0.23366 0.170893 -0.304539 0.419095 0.237585 0.198984 -0.20081 0.293472 0.220437 0.115221 -0.119962 0.0628243 -0.421535 0.481849 0.150237 0.0154759 0.1322 0.574625 -0.314753 -0.259255 -0.0374602 -0.0563001 -0.194327 -0.126082 -0.0753292 -0.264732 0.183206 0.126761 0.248647 0.291992 0.0337522 -0.00711964 -0.0246525
0.0678299 0.250995 0.263845 0.0948168 0.0260213 0.0263236 0.0546227 0.273089 0.56402 -0.314349 0.120156 -0.342406 0.327413 0.032338 0.057128 -0.115194 0.430002 0.0368291 0.279874 -0.177452 -0.0465985 0.120615 -0.169583 -0.0567778 0.185347 0.145761 -0.0851749 0.177508 0.169692 -0.100093 -0.0332878 0.149463 0.268481 -0.313556 0.393831 0.225969 0.655821 0.149402 -0.0175436 -0.113047 0.785901 0.16613 -0.074105 -0.019276 0.112886 -0.0131803 0.0383781 0.228094 0.164035
0.0766193 0.137718 0.0871466 0.0223728 0.214781 0.193044 0.262926 0.0920031 -0.0464151 0.0617052 0.301232 0.151863 0.00514871 0.0822154 0.149323 0.226604 0.188445 0.298727 0.294583 0.221607 0.0583069 0.226718 0.254328 0.0553507 0.0345397 0.173986 0.121855 0.299607 0.336566 0.187267 0.197706 0.108632 -0.00900586 0.104389 0.328171 0.0875391 -0.0824523 -0.0119498 0.274467 0.0471696 -0.01176 0.106988 0.19604 0.222503 0.122343 0.101036 0.298233 0.0657533 0.293452
0.290449 0.159194 0.218379 0.163491 0.105793 0.279236 0.255941 0.203916 0.245382 0.216983 0.206164 0.211392 0.131523 0.031029 0.0486261 0.0316418 0.249434 0.115873 0.279144 0.229371 0.15482 0.129493 0.23977 0.0856162 0.0381223 0.0334749 0.282143 0.252459 0.0452781 0.203657 0.103662 0.194332 0.0295664 0.0581334 0.188449 0.0560672 0.046852 0.217011 0.194011 0.169099 0.153801 0.25553 0.235937 0.0421142 0.113302 0.266168 0.144683 0.274917 0.129217
0.0432308 0.177821 0.160653 0.233444 0.275776 0.24374 0.0237415 0.133937 0.15487 0.122024 -0.112866 0.366954 0.0959141 0.147754 0.0146871 0.349481 -0.086533 0.0492076 -0.202285 0.415682 0.258112 0.115958 0.088641 0.208576 0.040393 0.030127 -0.0543638 0.117639 -0.239818 0.269054 0.177746 0.13194 0.216547 0.209689 -0.13412 -0.10203 -0.366834 -0.0850796 0.0340247 0.0621956 -0.376349 -0.00197405 0.0226024 0.132981 0.0042462 0.0321977 0.0230601 0.159696 0.208453
0.0346149 0.207053 0.00305913 0.187353 0.0224697 0.067136 0.0328557 0.136148 0.165938 0.0760765 -0.00139535 0.0953404 -0.00770412 0.10164 -0.00288764 0.307229 0.159079 0.0739256 0.202593 0.131656 0.0833473 0.0672445 0.0891054 0.254662 0.291855 0.00472777 0.0342597 0.28523 0.156562 0.283875 0.086073 0.0464879 0.0208231 0.255292 0.20353 0.170419 0.137169 0.208897 0.293365 0.234962 -0.0576907 0.0114644 0.264008 0.166877 0.0774184 0.141664 0.0486199 0.0739009 0.132504
0.222052 0.320972 0.0899239 0.278828 0.282601 0.0271143 0.229827 0.144127 -0.529701 -0.272932 0.11943 -0.318611 -0.430177 0.206459 0.167266 -0.204509 0.407803 0.195815 0.490799 -0.139699 0.137665 0.0775303 0.259254 0.249554 0.229417 0.0519149 -0.0644102 0.245397 0.593157 -0.0338106 0.151186 0.174234 0.060909 -0.259075 0.334825 0.512812 -0.371662 0.0432282 0.340617 0.176721 -0.513278 0.459837 0.224092 0.0199208 0.151363 0.00290287 0.274503 0.14315 0.110829
-0.00998831 0.102147 0.147844 -0.0264069 0.111948 0.173554 0.134164 0.0704115 1.28799 -0.292639 -0.111897 -0.184679 1.07074 -0.153812 0.156172 -0.210632 0.0959314 0.0526522 -0.0588641 -0.597041 0.0735941 0.228196 -0.430028 -0.403202 0.0223386 0.000698691 0.104134 0.0787719 0.156241 -0.0803088 0.15169 0.360305 0.17046 -0.0969093 0.0270226 0.0644845 1.63399 0.106667 -0.351803 -0.351183 1.67778 -0.0337623 -0.113097 0.0350505 0.153201 0.160495 -0.0842489 0.0597839 -0.000676902
0.855115 0.966087 -1.76615 -0.171582 0.217403 0.0263284 0.502715 -1.335 0.296719 0.0558455 0.711443 0.175289 0.171582 -2.7535
-1.96304 1.11284 0.939958 0.5883 -0.636928 -0.628511 0.642958 0.130213 -0.636285 -0.427343 -0.0947073 -0.377228 -1.85584 2.32695
0.739328 -2.35822 0.533853 -0.427345 -0.134279 0.126934 -1.46014 0.76593 -0.0206458 -0.105554 -0.873941 -0.205892 1.28699 0.40095
0 0 0 0 0 0 0
0 0 0 1 0 0 1
0 0 1 0 1 0 0
0 1 0 0 0 1 0
1 0 0 0 0 0 1
1 1 1 1 1 1 1
0 0 0 0 0 1 0